Number of threads, Array size, Non-SIMD, SIMD, Mult speedup, Non-SIMD sum, SIMD sum, Sum speedup
   1    ,          512  ,     70.27     ,    133.27     ,  1.90 ,     83.02     ,    132.25     ,  1.59
   2    ,          512  ,     56.54     ,     73.89     ,  1.31 ,     63.32     ,     73.48     ,  1.16
   3    ,          512  ,     69.66     ,     75.93     ,  1.09 ,     77.29     ,     86.51     ,  1.12
   4    ,          512  ,    124.07     ,     95.01     ,  0.77 ,    123.29     ,    137.89     ,  1.12
   6    ,          512  ,     81.49     ,     65.21     ,  0.80 ,     69.03     ,     55.25     ,  0.80
   8    ,          512  ,     60.63     ,     64.53     ,  1.06 ,     58.77     ,     78.10     ,  1.33
  12    ,          512  ,     67.85     ,     46.04     ,  0.68 ,     50.36     ,     75.57     ,  1.50
   1    ,         1024  ,    121.40     ,    259.62     ,  2.14 ,    126.60     ,    260.05     ,  2.05
   2    ,         1024  ,     97.25     ,    142.17     ,  1.46 ,    101.11     ,    132.47     ,  1.31
   3    ,         1024  ,    199.91     ,    242.45     ,  1.21 ,    200.28     ,    249.55     ,  1.25
   4    ,         1024  ,    109.07     ,    104.31     ,  0.96 ,     87.60     ,    104.74     ,  1.20
   6    ,         1024  ,    116.62     ,    134.53     ,  1.15 ,    129.64     ,    116.50     ,  0.90
   8    ,         1024  ,     89.51     ,    125.64     ,  1.40 ,     96.29     ,    174.91     ,  1.82
  12    ,         1024  ,    108.74     ,    106.36     ,  0.98 ,    140.32     ,    132.26     ,  0.94
   1    ,         2048  ,    146.83     ,    413.43     ,  2.82 ,    155.33     ,    415.07     ,  2.67
   2    ,         2048  ,    150.30     ,    218.53     ,  1.45 ,    134.69     ,    214.48     ,  1.59
   3    ,         2048  ,    175.64     ,    272.97     ,  1.55 ,    169.94     ,    240.86     ,  1.42
   4    ,         2048  ,    190.03     ,    291.15     ,  1.53 ,    167.79     ,    218.22     ,  1.30
   6    ,         2048  ,    194.93     ,    261.79     ,  1.34 ,    237.99     ,    244.53     ,  1.03
   8    ,         2048  ,    238.84     ,    316.77     ,  1.33 ,    249.69     ,    260.89     ,  1.04
  12    ,         2048  ,    258.31     ,    230.29     ,  0.89 ,    164.93     ,    178.75     ,  1.08
   1    ,         4096  ,    127.13     ,    450.76     ,  3.55 ,    135.55     ,    455.19     ,  3.36
   2    ,         4096  ,    207.27     ,    467.38     ,  2.25 ,    253.10     ,    518.21     ,  2.05
   3    ,         4096  ,    231.49     ,    401.10     ,  1.73 ,    230.34     ,    404.20     ,  1.75
   4    ,         4096  ,    362.04     ,    553.28     ,  1.53 ,    313.83     ,    917.60     ,  2.92
   6    ,         4096  ,    459.57     ,    539.11     ,  1.17 ,    309.85     ,    700.55     ,  2.26
   8    ,         4096  ,    408.32     ,    639.44     ,  1.57 ,    332.28     ,    516.20     ,  1.55
  12    ,         4096  ,    433.05     ,    540.30     ,  1.25 ,    310.90     ,    617.79     ,  1.99
   1    ,         8192  ,    123.51     ,    522.92     ,  4.23 ,    144.54     ,    572.96     ,  3.96
   2    ,         8192  ,    259.20     ,    676.67     ,  2.61 ,    274.96     ,    815.51     ,  2.97
   3    ,         8192  ,    291.84     ,    733.01     ,  2.51 ,    393.93     ,   1054.43     ,  2.68
   4    ,         8192  ,    374.16     ,    800.81     ,  2.14 ,    405.61     ,    705.95     ,  1.74
   6    ,         8192  ,    502.12     ,    913.22     ,  1.82 ,    517.02     ,    882.88     ,  1.71
   8    ,         8192  ,    528.01     ,   1087.41     ,  2.06 ,    732.82     ,   1263.44     ,  1.72
  12    ,         8192  ,    643.41     ,    969.69     ,  1.51 ,    723.66     ,   1281.48     ,  1.77
   1    ,        16384  ,    311.40     ,   1333.95     ,  4.28 ,    337.12     ,   1425.97     ,  4.23
   2    ,        16384  ,    527.96     ,   1659.95     ,  3.14 ,    573.17     ,   1856.30     ,  3.24
   3    ,        16384  ,    352.56     ,   1050.09     ,  2.98 ,    374.38     ,   1159.75     ,  3.10
   4    ,        16384  ,    517.02     ,   1796.40     ,  3.47 ,    551.17     ,   2409.56     ,  4.37
   6    ,        16384  ,    539.69     ,   1366.38     ,  2.53 ,    732.34     ,   2302.34     ,  3.14
   8    ,        16384  ,    712.35     ,   1337.50     ,  1.88 ,    663.28     ,   1699.07     ,  2.56
  12    ,        16384  ,    780.18     ,   1311.87     ,  1.68 ,    668.04     ,   1794.02     ,  2.69
   1    ,        32768  ,    317.62     ,   1318.61     ,  4.15 ,    321.03     ,   1431.89     ,  4.46
   2    ,        32768  ,    266.39     ,   1109.29     ,  4.16 ,    306.29     ,   1187.70     ,  3.88
   3    ,        32768  ,    392.46     ,   1610.86     ,  4.10 ,    445.77     ,   1581.25     ,  3.55
   4    ,        32768  ,    483.12     ,   1637.17     ,  3.39 ,    561.43     ,   2302.64     ,  4.10
   6    ,        32768  ,    726.03     ,   1936.29     ,  2.67 ,    812.83     ,   2319.64     ,  2.85
   8    ,        32768  ,    995.01     ,   1949.81     ,  1.96 ,   1057.60     ,   3183.24     ,  3.01
  12    ,        32768  ,    827.65     ,   2120.05     ,  2.56 ,    908.97     ,   3838.99     ,  4.22
   1    ,        65536  ,    171.75     ,    865.33     ,  5.04 ,    218.12     ,   1096.15     ,  5.03
   2    ,        65536  ,    294.93     ,   1310.26     ,  4.44 ,    361.26     ,   1826.05     ,  5.05
   3    ,        65536  ,    405.40     ,   2017.05     ,  4.98 ,    500.72     ,   2495.70     ,  4.98
   4    ,        65536  ,    531.44     ,   2131.03     ,  4.01 ,    618.20     ,   2744.17     ,  4.44
   6    ,        65536  ,    723.48     ,   2419.33     ,  3.34 ,    847.47     ,   3091.77     ,  3.65
   8    ,        65536  ,    941.72     ,   2916.48     ,  3.10 ,   1061.77     ,   4644.80     ,  4.37
  12    ,        65536  ,    994.09     ,   2837.91     ,  2.85 ,   1060.74     ,   4862.41     ,  4.58
   1    ,       131072  ,    203.51     ,   1148.88     ,  5.65 ,    318.29     ,   1562.07     ,  4.91
   2    ,       131072  ,    342.31     ,   1660.01     ,  4.85 ,    411.27     ,   1582.89     ,  3.85
   3    ,       131072  ,    446.29     ,   2395.82     ,  5.37 ,    578.16     ,   3029.28     ,  5.24
   4    ,       131072  ,    589.05     ,   2526.03     ,  4.29 ,    721.59     ,   3669.72     ,  5.09
   6    ,       131072  ,    862.24     ,   3382.54     ,  3.92 ,   1044.54     ,   4193.98     ,  4.02
   8    ,       131072  ,   1066.97     ,   3378.73     ,  3.17 ,   1236.19     ,   5804.80     ,  4.70
  12    ,       131072  ,   1006.54     ,   3881.02     ,  3.86 ,   1291.49     ,   5715.69     ,  4.43
   1    ,       262144  ,    324.10     ,   1572.43     ,  4.85 ,    350.92     ,   1714.35     ,  4.89
   2    ,       262144  ,    405.05     ,   1967.98     ,  4.86 ,    414.46     ,   2157.66     ,  5.21
   3    ,       262144  ,    546.12     ,   2773.45     ,  5.08 ,    750.11     ,   3693.36     ,  4.92
   4    ,       262144  ,    681.27     ,   3051.58     ,  4.48 ,    908.93     ,   4601.75     ,  5.06
   6    ,       262144  ,    914.72     ,   3941.12     ,  4.31 ,   1165.96     ,   5649.61     ,  4.85
   8    ,       262144  ,   1095.19     ,   4836.34     ,  4.42 ,   1439.84     ,   7999.63     ,  5.56
  12    ,       262144  ,   1614.17     ,   5421.01     ,  3.36 ,   2010.59     ,   9577.24     ,  4.76
   1    ,       524288  ,    324.55     ,   1592.32     ,  4.91 ,    350.77     ,   1658.26     ,  4.73
   2    ,       524288  ,    611.64     ,   2740.28     ,  4.48 ,    660.47     ,   3276.66     ,  4.96
   3    ,       524288  ,    671.20     ,   3215.00     ,  4.79 ,    990.63     ,   4818.83     ,  4.86
   4    ,       524288  ,    889.42     ,   4030.31     ,  4.53 ,   1268.73     ,   6105.15     ,  4.81
   6    ,       524288  ,   1030.14     ,   4844.54     ,  4.70 ,   1436.56     ,   7255.73     ,  5.05
   8    ,       524288  ,   1369.14     ,   5303.94     ,  3.87 ,   1826.39     ,   9002.59     ,  4.93
  12    ,       524288  ,   1367.87     ,   6387.00     ,  4.67 ,   1800.20     ,   8642.42     ,  4.80
   1    ,      1048576  ,    306.40     ,   1525.35     ,  4.98 ,    331.06     ,   1664.55     ,  5.03
   2    ,      1048576  ,    591.17     ,   2855.03     ,  4.83 ,    639.32     ,   3203.32     ,  5.01
   3    ,      1048576  ,    885.86     ,   3855.53     ,  4.35 ,    957.11     ,   4267.57     ,  4.46
   4    ,      1048576  ,   1100.57     ,   4417.60     ,  4.01 ,   1226.95     ,   6078.68     ,  4.95
   6    ,      1048576  ,   1332.44     ,   5785.80     ,  4.34 ,   1777.37     ,   8740.24     ,  4.92
   8    ,      1048576  ,   1610.96     ,   6617.92     ,  4.11 ,   2352.89     ,  11502.15     ,  4.89
  12    ,      1048576  ,   1843.48     ,   7176.41     ,  3.89 ,   2468.67     ,  12126.14     ,  4.91
   1    ,      2097152  ,    321.94     ,   1094.77     ,  3.40 ,    351.69     ,   1633.26     ,  4.64
   2    ,      2097152  ,    560.30     ,   2883.91     ,  5.15 ,    617.76     ,   3110.65     ,  5.04
   3    ,      2097152  ,    841.66     ,   4116.67     ,  4.89 ,    954.35     ,   4706.35     ,  4.93
   4    ,      2097152  ,   1045.05     ,   5098.08     ,  4.88 ,   1274.29     ,   6452.74     ,  5.06
   6    ,      2097152  ,   1690.23     ,   6565.61     ,  3.88 ,   1848.47     ,   9191.06     ,  4.97
   8    ,      2097152  ,   2108.57     ,   8150.78     ,  3.87 ,   2368.89     ,  11509.68     ,  4.86
  12    ,      2097152  ,   1999.37     ,   9724.01     ,  4.86 ,   3415.00     ,  16725.72     ,  4.90
   1    ,      4194304  ,    297.25     ,    940.40     ,  3.16 ,    326.47     ,   1567.60     ,  4.80
   2    ,      4194304  ,    542.75     ,   1123.88     ,  2.07 ,    662.27     ,   3331.48     ,  5.03
   3    ,      4194304  ,    859.97     ,   3549.91     ,  4.13 ,    956.19     ,   4740.46     ,  4.96
   4    ,      4194304  ,   1110.45     ,   5527.15     ,  4.98 ,   1279.48     ,   6423.32     ,  5.02
   6    ,      4194304  ,   1118.25     ,   6699.93     ,  5.99 ,   1819.68     ,   9085.59     ,  4.99
   8    ,      4194304  ,   2102.45     ,   8644.69     ,  4.11 ,   2381.09     ,  11873.36     ,  4.99
  12    ,      4194304  ,   1351.37     ,  11786.47     ,  8.72 ,   3428.18     ,  16984.78     ,  4.95
   1    ,      8388608  ,    315.86     ,    930.67     ,  2.95 ,    336.43     ,   1557.41     ,  4.63
   2    ,      8388608  ,    591.63     ,   1902.31     ,  3.22 ,    654.59     ,   3024.03     ,  4.62
   3    ,      8388608  ,    863.83     ,   2681.55     ,  3.10 ,    952.93     ,   4629.68     ,  4.86
   4    ,      8388608  ,   1097.27     ,   3027.82     ,  2.76 ,   1273.20     ,   6110.22     ,  4.80
   6    ,      8388608  ,   1114.87     ,   6868.65     ,  6.16 ,   1826.06     ,   9093.66     ,  4.98
   8    ,      8388608  ,   2059.80     ,   8804.45     ,  4.27 ,   2375.06     ,  11527.09     ,  4.85
  12    ,      8388608  ,   1307.18     ,  12466.75     ,  9.54 ,   3435.27     ,  17163.44     ,  5.00